9.63 99.34 80.65 53.16 16.66 	% punkt 1
23.74 92.34 47.58 59.04 90.07 % punkt 2
51.98 96.96 2.01 4.9 50.47 	% punkt 3
85.99 36.69 7.76 58.29 77.1 	% punkt 4
52.89 79.23 80.87 37.81 12.58 % punkt 5
77.43 76.02 22.26 3.76 44.3 	% punkt 6
73.03 92.69 7.87 68.21 37.25 	% punkt 7
72.22 96.65 26.79 61.87 8.32 	% punkt 8
42.74 75.61 97.69 68.02 76.82 % punkt 9
66.57 60.83 29.92 75.8 13.55 	% punkt 10
42.24 48.82 39.32 85.83 97.73 % punkt 11
20.71 25.27 87.93 36.34 13.47 % punkt 12
92.07 78.03 18.78 4.64 58.66 	% punkt 13
13.2 49.25 21.2 85.93 66.21 	% punkt 14
60.76 46.68 68.17 92.18 20.46 % punkt 15
68.42 30.47 99.36 92.08 36.01 % punkt 16
14.07 83.31 2.38 89.3 76.52 	% punkt 17
50.54 43.44 76.01 59.05 26.63 % punkt 18
74.67 79.42 43.74 90.86 2.88 	% punkt 19
82.41 34.94 13.15 57.76 92.82	% punkt 20